11111111
111111111
1111111111
22222222
222222222
2222222222
33333333
333333333
3333333333
44444444
444444444
4444444444
55555555
555555555
5555555555
66666666
666666666
6666666666
77777777
777777777
7777777777
88888888
888888888
8888888888
99999999
999999999
9999999999
00000000
000000000
0000000000
01230123
12341234
1234512345
0987654321
987654321
87654321
12345678
123456789
1234567890
01010101
0101010101
02020202
0202020202
03030303
0303030303
04040404
0404040404
05050505
0505050505
06060606
0606060606
07070707
0707070707
08080808
0808080808
09090909
0909090909
11111111
1111111111
12121212
1212121212
13131313
1313131313
14141414
1414141414
15151515
1515151515
16161616
1616161616
17171717
1717171717
18181818
1818181818
19191919
1919191919
21212121
2121212121
22222222
2222222222
23232323
2323232323
24242424
2424242424
25252525
2525252525
26262626
2626262626
27272727
2727272727
28282828
2828282828
29292929
2929292929
31313131
3131313131
32323232
3232323232
33333333
3333333333
34343434
3434343434
35353535
3535353535
36363636
3636363636
37373737
3737373737
38383838
3838383838
39393939
3939393939
41414141
4141414141
42424242
4242424242
43434343
4343434343
44444444
4444444444
45454545
4545454545
46464646
4646464646
47474747
4747474747
48484848
4848484848
49494949
4949494949
51515151
5151515151
52525252
5252525252
53535353
5353535353
54545454
5454545454
55555555
5555555555
56565656
5656565656
57575757
5757575757
58585858
5858585858
59595959
5959595959
61616161
6161616161
62626262
6262626262
63636363
6363636363
64646464
6464646464
65656565
6565656565
66666666
6666666666
67676767
6767676767
68686868
6868686868
69696969
6969696969
71717171
7171717171
72727272
7272727272
73737373
7373737373
74747474
7474747474
75757575
7575757575
76767676
7676767676
77777777
7777777777
78787878
7878787878
79797979
7979797979
81818181
8181818181
82828282
8282828282
83838383
8383838383
84848484
8484848484
85858585
8585858585
86868686
8686868686
87878787
8787878787
88888888
8888888888
89898989
8989898989
123456
123456789
qwerty
password
12345
qwerty123
1q2w3e
12345678
111111
1234567890
